Time 0:
	8 bozal 1	762.519868976, 302.888224137
	20 white	98.8544560089, 95.7041876399
	6 seasoned	458.45947769, 482.938010858
	6 bozal 0	302.601489228, 785.052955614
Time 3000.0:
	116 bozal 1	601.284857213, 480.253191006
	137 white	190.312962677, 189.444834089
	42 seasoned	343.345962246, 326.563647085
	114 bozal 0	543.749118577, 522.425498385
Time 6000.0:
	38 bozal 1	543.230972427, 468.636709504
	51 white	261.526782746, 248.339073374
	45 seasoned	368.621683745, 340.260976795
	37 bozal 0	523.145486053, 474.599035039
Time 9000.0:
	384 bozal 1	532.823939635, 483.130928858
	71 white	309.718416548, 302.50407604
	45 seasoned	400.6474619, 400.047877444
	383 bozal 0	478.407782915, 544.657839404
Time 12000.0:
	546 bozal 1	528.047223662, 491.338116522
	75 white	360.940870078, 357.789836059
	45 seasoned	424.06144096, 426.374582124
	545 bozal 0	486.687806569, 533.444344767
Time 15000.0:
	854 bozal 1	532.30677582, 498.022812907
	102 white	359.841722487, 357.034360538
	45 seasoned	439.189347961, 438.1872044
	853 bozal 0	498.261887427, 532.755136002
Time 18000.0:
	1198 bozal 1	528.294760706, 508.312011232
	118 white	389.346527692, 387.869663165
	45 seasoned	450.37133112, 457.943126102
	1197 bozal 0	505.354648006, 531.357984866
Time 21000.0:
	1649 bozal 1	530.919641164, 516.298739387
	145 white	419.768666731, 410.843298487
	45 seasoned	471.491264246, 473.187463333
	1649 bozal 0	510.612320797, 537.029975828
Time 24000.0:
	1649 bozal 1	522.976145898, 522.542939516
	145 white	446.609643508, 442.07230146
	45 seasoned	483.450850819, 486.625915912
	1649 bozal 0	514.169647439, 532.252188593
Time 27000.0:
	1649 bozal 1	518.761669586, 526.798117388
	145 white	466.461706256, 465.523622466
	45 seasoned	495.157862684, 496.240459094
	1649 bozal 0	513.264052862, 532.633391956
Time 30000.0:
	1649 bozal 1	516.604168091, 529.932856844
	145 white	484.714261103, 483.605437894
	45 seasoned	503.180333698, 506.487187435
	1649 bozal 0	512.983604854, 533.299239755
